 I_mA  MnSig_V  SdSig_V    MnX_V    SdX_V    MnY_V    SdY_V  MnSum_V  SdSum_V
    0  0.01725  0.00024 -0.41786  0.01039  0.07794  0.00950  0.12464  0.00132
   20  0.02700  0.00027 -0.00963  0.00023 -0.00079  0.00023  0.17983  0.00161
   25  0.32603  0.01005 -0.02708  0.00040 -0.05232  0.00035  2.45052  0.01094
   26  0.51815  0.00772 -0.03699  0.00047 -0.06967  0.00033  3.26321  0.01097
   26  0.52333  0.00782 -0.03667  0.00053 -0.07197  0.00034  3.29884  0.01142
   27  0.69868  0.00865 -0.03957  0.00039 -0.09080  0.00030  4.15234  0.00915
   28  0.87643  0.00894 -0.04595  0.00063 -0.11117  0.00030  4.29178  0.00014
   30  1.24275  0.00956 -0.12367  0.60884 -0.16605  0.31711  4.29201  0.00023

